12       4
4   5   6   7   8   9   10  11  12  13  14  15  16  17  18  19  20  21  22  23  24  25  26  27  28  29  30  31  32  33  34  35  36
                E       F1      F2      F3      F4      F5      F6      F7      F8      F9      F10     F11     F12     F13     F14     F15     F16     F17     F18     F19     F20     F21     F22     F23     F24     F25     F26     F27     F28     F29     F30     F31     F32     F33     F34     F35     F36
1	1		0.00	-1573	52	179	216	353	381	512	553	713	748	793	879	934	937	1010	1025	1089	1105	1276	1326	1355	1394	1426	1486	1500	1512	1518	1546	1851	3061	3064	3106	3113	3139	3143	3205
2	1		0.49	-1578	32	187	221	322	408	504	546	697	744	769	875	933	937	1013	1023	1097	1112	1282	1324	1352	1406	1430	1472	1496	1515	1516	1543	1851	3041	3065	3106	3108	3138	3143	3208
3	1		1.26	-1569	-67	200	251	282	432	513	543	658	746	761	877	931	940	1019	1025	1104	1121	1295	1324	1350	1404	1431	1465	1494	1513	1522	1540	1855	3052	3067	3088	3103	3138	3142	3220
4	1		0.90	-1564	6	207	248	294	424	538	548	635	748	786	883	933	939	1020	1030	1099	1120	1292	1319	1350	1403	1429	1474	1498	1516	1522	1538	1855	3045	3067	3095	3103	3138	3144	3222
5	1		0.43	-1575	31	188	240	332	403	539	575	640	749	802	887	932	936	1018	1028	1091	1109	1280	1325	1351	1395	1428	1487	1500	1516	1521	1543	1853	3056	3068	3105	3109	3142	3145	3217
6	1		0.43	-1582	42	171	221	353	382	535	586	658	748	802	888	931	934	1008	1026	1094	1100	1276	1327	1354	1385	1426	1497	1498	1514	1518	1546	1851	3064	3077	3106	3121	3141	3147	3206
7	1		0.93	-1576	-54	165	216	350	376	534	593	651	746	787	884	932	936	1009	1026	1098	1105	1279	1324	1360	1383	1425	1485	1505	1513	1519	1544	1852	3065	3072	3104	3124	3138	3153	3207
8	1		0.63	-1565	-15	180	221	311	415	534	583	638	748	773	882	930	941	1018	1026	1097	1116	1289	1316	1361	1385	1430	1472	1507	1513	1519	1542	1854	3048	3069	3104	3105	3140	3153	3210
9	1		0.30	-1572	65	201	221	289	441	529	553	650	750	769	877	927	943	1016	1028	1097	1120	1293	1313	1358	1384	1433	1469	1504	1513	1518	1542	1852	3049	3072	3077	3107	3145	3148	3207
10	1		0.97	-1586	-44	200	222	286	444	512	544	676	748	776	866	925	941	1013	1031	1099	1120	1289	1313	1363	1380	1433	1476	1504	1513	1519	1541	1851	3043	3072	3097	3106	3142	3154	3205
11	1		1.22	-1578	-56	184	223	315	420	511	550	703	747	792	868	928	942	1012	1032	1099	1114	1285	1320	1365	1376	1429	1483	1506	1514	1519	1544	1853	3054	3068	3103	3121	3139	3155	3209
12	1		0.48	-1568	29	170	220	351	384	517	555	715	749	800	880	931	939	1006	1031	1094	1101	1277	1329	1360	1380	1425	1489	1503	1513	1519	1547	1853	3064	3072	3104	3121	3139	3148	3209
12	2		1.91	-1568	26	82	170	343	377	517	556	722	749	814	878	933	941	1009	1031	1090	1099	1265	1329	1358	1379	1430	1491	1500	1512	1522	1548	1853	3069	3073	3103	3126	3138	3156	3209
11	2		2.54	-1579	-48	96	199	297	423	509	549	710	747	803	867	931	943	1019	1032	1094	1113	1276	1320	1363	1375	1433	1485	1502	1514	1526	1544	1852	3051	3074	3103	3128	3146	3156	3209
10	2		2.25	-1584	-34	89	230	260	448	509	543	678	748	785	870	929	941	1026	1031	1092	1118	1284	1310	1361	1378	1435	1478	1503	1514	1527	1540	1852	3037	3077	3106	3107	3148	3156	3205
9	2		1.59	-1571	62	90	220	265	445	529	551	652	749	780	880	928	944	1027	1029	1090	1118	1286	1308	1358	1381	1435	1470	1504	1514	1522	1540	1852	3052	3077	3079	3108	3145	3154	3207
8	2		1.83	-1562	26	89	187	295	416	534	586	640	748	784	885	930	945	1020	1031	1092	1114	1276	1313	1361	1383	1434	1471	1506	1515	1518	1542	1854	3057	3073	3101	3105	3138	3158	3211
7	2		2.28	-1575	-58	82	162	337	372	535	596	652	746	800	889	932	940	1009	1026	1096	1102	1264	1322	1360	1384	1430	1483	1505	1514	1519	1543	1853	3068	3080	3104	3126	3132	3162	3208
6	2		1.82	-1585	43	87	178	339	377	537	587	655	749	818	894	929	938	1007	1026	1089	1100	1261	1326	1355	1386	1430	1492	1501	1516	1520	1544	1851	3069	3081	3106	3125	3135	3160	3205
5	2		1.80	-1578	47	79	221	323	401	542	575	635	749	817	895	929	938	1021	1029	1086	1107	1268	1326	1351	1394	1432	1490	1495	1518	1522	1542	1854	3054	3075	3104	3115	3142	3156	3218
4	2		2.43	-1562	-43	102	246	281	426	536	546	629	748	795	893	934	938	1029	1030	1091	1116	1285	1318	1350	1400	1431	1475	1494	1516	1527	1537	1856	3038	3075	3103	3103	3139	3154	3227
3	2		2.41	-1567	-52	121	225	261	438	510	542	656	747	771	887	931	941	1024	1032	1096	1118	1288	1317	1351	1402	1432	1466	1495	1517	1522	1538	1854	3059	3070	3088	3104	3134	3150	3216
2	2		1.74	-1578	29	81	195	302	409	504	547	699	745	778	883	933	937	1016	1032	1091	1110	1271	1319	1352	1406	1433	1471	1499	1516	1517	1544	1851	3052	3068	3105	3106	3132	3151	3206
1	2		1.38	-1572	46	75	179	337	378	512	554	718	749	805	882	935	937	1013	1029	1085	1101	1263	1323	1354	1395	1430	1485	1502	1512	1519	1548	1851	3067	3069	3106	3115	3131	3155	3205
1	3		2.91	-1571	-234	49	185	328	380	512	553	727	750	824	884	936	941	1019	1029	1084	1099	1240	1321	1354	1394	1434	1486	1501	1515	1521	1545	1852	3070	3074	3106	3120	3143	3152	3206
2	3		3.20	-1577	-231	49	203	296	412	502	545	707	746	790	890	932	940	1026	1036	1084	1106	1250	1317	1352	1403	1434	1472	1497	1518	1522	1540	1852	3050	3074	3106	3113	3145	3148	3205
3	3		4.30	-1563	-242	-54	228	266	441	506	539	659	748	785	895	931	945	1029	1047	1085	1111	1271	1316	1351	1396	1434	1469	1492	1519	1524	1536	1855	3060	3080	3094	3105	3147	3152	3220
4	3		4.33	-1564	-256	-54	238	280	428	541	544	629	746	819	901	934	935	1029	1047	1083	1107	1268	1312	1349	1398	1436	1478	1493	1516	1524	1541	1859	3049	3084	3101	3102	3150	3159	3228
5	3		3.35	-1577	-235	63	217	311	403	543	578	638	751	845	901	932	938	1021	1035	1087	1100	1247	1320	1350	1395	1435	1491	1496	1519	1525	1542	1854	3064	3080	3105	3115	3151	3153	3213
6	3		3.50	-1584	-239	12	175	329	379	537	591	656	748	842	900	930	940	1006	1031	1089	1096	1239	1323	1354	1386	1434	1496	1498	1517	1523	1544	1851	3075	3088	3106	3129	3146	3157	3204
7	3		3.85	-1572	-235	-53	165	328	376	535	603	650	746	819	900	931	945	1011	1029	1096	1099	1243	1319	1359	1382	1435	1487	1501	1514	1522	1544	1853	3075	3082	3104	3131	3148	3155	3209
8	3		3.36	-1561	-230	38	199	287	419	535	587	638	748	799	900	929	947	1028	1032	1090	1109	1259	1308	1360	1380	1436	1473	1505	1516	1523	1542	1854	3055	3079	3105	3110	3149	3156	3211
9	3		3.22	-1569	-237	54	227	258	448	530	548	650	749	793	896	930	945	1031	1039	1087	1111	1270	1304	1357	1379	1438	1473	1504	1520	1523	1539	1853	3057	3081	3083	3108	3148	3163	3207
10	3		3.85	-1585	-239	-28	231	250	453	508	542	681	747	798	885	932	945	1030	1037	1090	1111	1264	1305	1361	1376	1440	1480	1503	1518	1523	1540	1851	3048	3083	3105	3107	3150	3163	3205
11	3		4.28	-1580	-240	-62	195	288	423	508	549	716	747	820	875	935	948	1021	1035	1093	1104	1254	1314	1363	1375	1439	1486	1502	1516	1522	1545	1853	3061	3080	3103	3129	3154	3156	3209
12	3		3.55	-1567	-239	27	170	335	377	517	555	729	750	839	878	936	947	1008	1035	1088	1096	1241	1324	1359	1380	1436	1490	1502	1514	1520	1548	1854	3074	3082	3104	3130	3145	3157	3209
12	4		1.99	-1566	25	53	169	341	375	517	555	721	749	820	880	932	944	1010	1032	1089	1098	1261	1325	1362	1380	1430	1487	1505	1512	1521	1546	1854	3068	3079	3104	3124	3138	3155	3210
11	4		2.83	-1578	-67	-22	185	294	419	510	549	707	747	809	872	929	946	1019	1031	1094	1109	1270	1316	1366	1376	1435	1483	1506	1512	1521	1545	1853	3064	3073	3103	3121	3141	3158	3208
10	4		2.44	-1586	-35	34	218	256	449	510	543	676	748	790	875	927	945	1020	1033	1093	1116	1276	1311	1363	1378	1437	1477	1504	1513	1522	1542	1850	3054	3076	3095	3106	3140	3162	3204
9	4		1.82	-1571	-23	65	225	263	444	529	550	647	750	782	887	928	944	1022	1034	1090	1116	1283	1311	1358	1382	1436	1471	1505	1515	1522	1541	1852	3047	3076	3085	3107	3135	3168	3207
8	4		2.03	-1563	7	34	201	295	416	535	584	634	748	786	892	930	942	1026	1029	1090	1112	1279	1314	1360	1382	1431	1473	1505	1516	1522	1542	1854	3043	3073	3105	3114	3135	3167	3210
7	4		2.35	-1572	-54	61	169	337	374	534	599	649	746	801	892	932	939	1013	1027	1094	1102	1266	1322	1358	1381	1429	1487	1501	1512	1523	1545	1852	3069	3071	3104	3128	3139	3161	3208
6	4		1.98	-1581	25	46	169	338	380	536	589	658	748	821	893	932	936	1010	1028	1090	1098	1262	1325	1353	1384	1430	1494	1502	1510	1524	1547	1851	3069	3081	3106	3125	3139	3156	3206
5	4		1.84	-1575	49	58	201	314	402	540	575	643	751	825	891	934	936	1024	1028	1087	1106	1266	1321	1351	1394	1430	1487	1504	1514	1525	1543	1852	3065	3071	3106	3109	3138	3153	3212
4	4		2.58	-1566	-38	70	236	275	427	543	545	635	748	804	887	934	937	1026	1037	1091	1116	1279	1316	1349	1400	1433	1475	1496	1516	1526	1541	1857	3055	3074	3093	3102	3134	3157	3224
3	4		3.04	-1567	-97	-46	230	272	435	508	540	660	746	770	881	932	941	1025	1034	1094	1117	1283	1325	1349	1400	1434	1467	1491	1511	1525	1539	1856	3047	3075	3098	3104	3132	3162	3224
2	4		1.81	-1577	54	60	206	308	409	501	544	703	745	779	878	932	940	1022	1027	1089	1110	1269	1323	1352	1404	1431	1472	1495	1512	1524	1539	1852	3036	3070	3107	3116	3134	3154	3206
1	4		1.38	-1572	49	67	187	338	378	512	552	721	749	806	879	934	940	1017	1025	1084	1103	1260	1325	1356	1394	1428	1485	1501	1513	1523	1543	1852	3061	3068	3106	3120	3136	3153	3206

