4       4
4   5   6   7   8   9   10  11  12  13  14  15  16  17  18  19  20  21  22  23  24  25  26  27  28  29  30  31  32  33  34  35  36
                E       F1      F2      F3      F4      F5      F6      F7      F8      F9      F10     F11     F12     F13     F14     F15     F16     F17     F18     F19     F20     F21     F22     F23     F24     F25     F26     F27     F28     F29     F30     F31     F32     F33     F34     F35     F36
1	1		0.00	-1584	108	149	238	266	276	399	531	568	687	813	841	939	984	1032	1071	1080	1151	1288	1364	1415	1429	1432	1483	1491	1507	1514	1565	1831	3042	3060	3083	3105	3121	3132	3160
2	1		0.67	-1589	25	130	238	265	275	400	530	568	686	807	841	939	1000	1031	1072	1079	1147	1284	1364	1414	1430	1434	1485	1489	1512	1515	1560	1833	3044	3060	3083	3101	3121	3140	3161
3	1		1.36	-1570	-157	117	254	268	276	402	528	569	687	806	836	942	1008	1035	1070	1079	1141	1277	1361	1416	1434	1440	1485	1489	1511	1520	1565	1836	3059	3063	3085	3114	3126	3132	3161
4	1		0.63	-1566	40	102	251	268	280	401	530	568	688	812	835	942	992	1034	1070	1079	1147	1282	1361	1416	1434	1436	1484	1491	1502	1520	1570	1834	3054	3063	3086	3108	3125	3133	3160
4	2		1.04	-1555	7	77	251	271	285	397	529	569	680	821	831	933	1002	1035	1070	1079	1147	1283	1359	1417	1434	1437	1481	1493	1503	1518	1570	1836	3054	3062	3084	3108	3130	3134	3166
3	2		1.95	-1560	-166	-54	251	277	284	397	527	570	680	815	831	934	1020	1034	1069	1079	1142	1278	1358	1417	1434	1441	1480	1494	1508	1518	1564	1839	3061	3064	3080	3117	3131	3136	3168
2	2		1.25	-1584	-40	-33	251	266	275	397	530	569	678	816	837	931	1011	1032	1073	1080	1149	1286	1363	1416	1430	1435	1476	1493	1515	1519	1560	1836	3049	3062	3077	3106	3133	3139	3163
1	2		0.41	-1578	42	162	245	262	274	396	531	569	679	822	839	930	996	1035	1072	1081	1152	1289	1364	1417	1430	1432	1477	1494	1511	1515	1565	1833	3045	3061	3080	3107	3130	3132	3161
1	3		0.87	-1577	-130	155	244	252	274	398	534	567	682	818	838	920	987	1047	1067	1085	1153	1287	1369	1416	1430	1435	1470	1489	1513	1517	1565	1833	3044	3065	3081	3107	3126	3133	3173
2	3		1.71	-1580	-138	-57	249	265	276	398	533	567	682	812	836	921	1004	1044	1070	1081	1149	1285	1367	1416	1430	1439	1471	1490	1512	1516	1561	1836	3049	3067	3077	3106	3126	3140	3176
3	3		2.27	-1551	-159	-128	244	278	284	398	530	568	683	812	830	923	1014	1046	1068	1079	1141	1276	1362	1417	1433	1445	1478	1488	1504	1516	1566	1839	3060	3067	3082	3115	3125	3133	3180
4	3		1.36	-1552	-121	92	246	268	280	398	531	567	684	819	832	922	995	1048	1067	1083	1147	1281	1365	1417	1432	1440	1473	1489	1507	1519	1570	1836	3054	3066	3086	3109	3125	3131	3176
4	4		0.87	-1563	69	80	247	255	272	402	532	567	692	810	835	931	987	1043	1067	1083	1147	1281	1366	1416	1433	1439	1475	1491	1507	1520	1570	1833	3053	3060	3089	3109	3130	3130	3166
3	4		1.61	-1563	-149	94	253	262	273	402	530	568	692	803	835	931	1005	1043	1068	1080	1140	1275	1364	1415	1434	1443	1477	1492	1507	1519	1565	1835	3058	3061	3087	3112	3130	3132	3166
2	4		1.08	-1586	-54	68	249	258	271	400	532	566	690	802	840	929	996	1040	1069	1081	1147	1283	1367	1414	1430	1438	1476	1491	1510	1514	1560	1832	3045	3058	3083	3102	3128	3140	3165
1	4		0.37	-1585	59	146	231	259	269	400	534	566	691	809	841	929	979	1041	1067	1084	1152	1287	1369	1414	1430	1434	1473	1492	1508	1516	1565	1830	3042	3058	3084	3105	3128	3133	3164
